6.636847195357833407e-01
5.513816925734025265e-01
6.031746031746031411e-01
6.302083333333333703e-01
9.461538461538461231e-01
7.969543147208122402e-01
9.012820512820511887e-01
5.948717948717948678e-01
7.897435897435897134e-01
7.588832487309644659e-01
5.391156462585033893e-01
6.076923076923077538e-01
7.435897435897436125e-01
6.096718480138169083e-01
7.397435897435897800e-01
6.951640759930914903e-01
5.595854922279792643e-01
6.644329896907215094e-01
7.817258883248731083e-01
4.869109947643979197e-01
4.804123711340205771e-01
7.484536082474226859e-01
5.502232142857141906e-01
4.636780104712042161e-01
7.577319587628866815e-01
6.040609137055836797e-01
8.675595238095238360e-01
8.474358974358973118e-01
8.206185567010308990e-01
7.075892857142856984e-01
6.443298969072164262e-01
6.197643979057592123e-01
7.925392670157068720e-01
4.115384615384615197e-01
7.029360967184801190e-01
4.696969696969697239e-01
4.000000000000000222e-01
8.298429319371727342e-01
6.099476439790575411e-01
5.059523809523809312e-01
6.256410256410256387e-01
6.785714285714286031e-01
8.690476190476190688e-01
8.223350253807106824e-01
6.076923076923076428e-01
6.729910714285713969e-01
7.619047619047617514e-01
4.743589743589743390e-01
7.756410256410256610e-01
1.954314720812182493e-01
6.768707482993197022e-01
7.402061855670103441e-01
5.764248704663212930e-01
6.813471502590673357e-01
7.891025641025640747e-01
7.176165803108809360e-01
7.443298969072165150e-01
8.367346938775509502e-01
6.082474226804124307e-01
5.748299319727890877e-01
4.467836257309941717e-01
7.703703703703703720e-01
4.086294416243655414e-01
6.747382198952880383e-01
4.379251700680272252e-01
8.384353741496599621e-01
8.214285714285713969e-01
6.683673469387755306e-01
7.807692307692307709e-01
9.873096446700507789e-01
6.547619047619047672e-01
4.128205128205127972e-01
6.785714285714286031e-01
6.424870466321244145e-01
8.381443298969072364e-01
5.884615384615384803e-01
6.548223350253806752e-01
7.417962003454230402e-01
4.345360824742268147e-01
6.907216494845360710e-01
4.896373056994819395e-01
6.020618556701031743e-01
9.393939393939393367e-01
7.061855670103093230e-01
5.952380952380952328e-01
5.964912280701754055e-01
5.647668393782383500e-01
6.727115716753021557e-01
6.546391752577319645e-01
6.947415329768270587e-01
5.910256410256410353e-01
6.827411167512690282e-01
7.123711340206185794e-01
5.101522842639594213e-01
6.358974358974358587e-01
6.576923076923076872e-01
7.640350877192982892e-01
6.224489795918366486e-01
6.904450261780104015e-01
6.608247422680413319e-01
